0.15,24,4,0,0,1.0,0.0,2,0.9,0.00041667,4
0.15,132,4,0,0,1.0,0.0,2,0.9,0.00008333,4
0.15,24,10,0,0,1.0,0.0,2,0.9,0.1,4
0.15,24,10,0,0,1.0,0.0,2,0.9,0.5,4
0.075,32,4,0,0,1.0,0.0,2,0.5,0.1,4
0.075,32,4,0,0,1.0,0.0,2,0.5,0.5,4
0.075,48,4,0,0,1.0,0.0,2,0.5,0.5,4
0.075,64,4,0,0,1.0,0.0,2,0.5,0.5,4
0.125,32,1,0.0,0.0,1.0,0.0,2,0.5,0.3,4,6
0.125,32,1,0.0,0.0,1.0,0.0,2,0.5,0.4,4,6
0.125,32,1,0.0,0.0,1.0,0.0,2,0.5,0.5,4,6
0.125,32,5,0.0,0.0,1.0,0.0,2,0.5,0.3,4,6
0.125,32,5,0.0,0.0,1.0,0.0,2,0.5,0.4,4,6
0.125,32,5,0.0,0.0,1.0,0.0,2,0.5,0.5,4,6
0.125,32,5,0.0,0.0,1.0,0.0,2,0.5,0.6,4,6
0.125,32,4,0.0,0.0,1.0,0.0,2,0.5,0.5,4,6
