500.000000 0.500000 0.010081
150.195740 1000.000000 0.500000 0.011114
165.583548 2000.000000 0.500000 0.011343
168.992590 5000.000000 0.500000 0.011350
169.104864 500.000000 0.330000 0.014372
141.322094 1000.000000 0.330000 0.016659
163.811353 2000.000000 0.330000 0.017180
168.935214 5000.000000 0.330000 0.017197
169.104862 500.000000 0.250000 0.018327
136.525628 1000.000000 0.250000 0.021856
162.818851 2000.000000 0.250000 0.022673
168.902822 5000.000000 0.250000 0.022700
169.104861 500.000000 0.200000 0.022366
133.289055 1000.000000 0.200000 0.027206
162.134799 2000.000000 0.200000 0.028338
168.880387 5000.000000 0.200000 0.028375
169.104861 